======================================================================
EXPLORATORY CHEMICAL / SOLUBILITY ANALYSIS
======================================================================

DATASET
----------------------------------------------------------------------
Rows: 8,643
Descriptors: 17
Target: Solubility (log S)

TARGET DISTRIBUTION
----------------------------------------------------------------------
n                8643.000000
mean               -2.982563
median             -2.700000
std                 2.288191
min               -13.171900
q01                -8.805046
q05                -7.417172
q25                -4.324450
q75                -1.410000
q95                 0.539800
q99                 1.095446
max                 2.137682
skewness           -0.553087
unique_values    6570.000000

MOST FREQUENT TARGET VALUES
----------------------------------------------------------------------
 Solubility  count      pct
      -2.70     15 0.173551
      -2.68     15 0.173551
      -2.30     14 0.161981
      -3.82     13 0.150411
      -3.55     13 0.150411
      -3.31     12 0.138841
      -1.52     12 0.138841
      -2.31     12 0.138841
      -2.82     11 0.127271
      -4.52     11 0.127271
      -2.63     11 0.127271
      -2.92     11 0.127271
      -2.91     11 0.127271
      -3.00     11 0.127271
      -2.67     10 0.115701
      -1.27      9 0.104131
      -2.20      9 0.104131
      -2.64      9 0.104131
      -4.70      9 0.104131
      -2.96      9 0.104131

DESCRIPTOR SUMMARY
----------------------------------------------------------------------
                             count       mean        std       min        25%        50%        75%         max  skewness  n_unique
rdkit_molwt            8643.000000 242.537116 115.044731 10.812000 160.180000 223.253000 304.380500  943.621000  1.322045      5618
rdkit_mollogp          8643.000000   2.348659   2.166018 -8.424200   0.983400   2.139620   3.505800   12.169200  0.519508      7044
rdkit_tpsa             8643.000000  53.711827  40.791014  0.000000  26.020000  46.530000  74.600000  400.560000  1.373655      1785
rdkit_hbd              8643.000000   1.054264   1.284985  0.000000   0.000000   1.000000   2.000000   13.000000  2.159440        14
rdkit_hba              8643.000000   3.005669   2.211579  0.000000   1.000000   3.000000   4.000000   20.000000  1.397962        20
rdkit_rotatable_bonds  8643.000000   3.569594   3.767958  0.000000   1.000000   3.000000   5.000000   36.000000  2.427251        34
rdkit_heavy_atom_count 8643.000000  16.163716   7.899151  1.000000  11.000000  15.000000  20.000000   66.000000  1.437272        65
rdkit_heteroatom_count 8643.000000   4.540206   2.972348  0.000000   2.000000   4.000000   6.000000   30.000000  1.271819        26
rdkit_aromatic_rings   8643.000000   1.037603   1.076499  0.000000   0.000000   1.000000   2.000000   11.000000  1.408817        11
rdkit_saturated_rings  8643.000000   0.307185   0.783525  0.000000   0.000000   0.000000   0.000000   13.000000  3.675490         9
rdkit_aliphatic_rings  8643.000000   0.454703   0.969747  0.000000   0.000000   0.000000   1.000000   13.000000  3.036721        10
rdkit_ring_count       8643.000000   1.492306   1.364502  0.000000   0.000000   1.000000   2.000000   13.000000  1.377024        12
rdkit_fraction_csp3    8643.000000   0.437840   0.346481  0.000000   0.125000   0.384615   0.750000    1.000000  0.295807       255
rdkit_molmr            8643.000000  63.250639  30.237363  3.450000  41.952250  58.661500  79.419100  256.709800  1.388115      7230
rdkit_labute_asa       8643.000000  98.767086  46.308753  7.504228  65.888198  91.261065 123.956767  389.300875  1.385489      6833
rdkit_balaban_j        8643.000000   2.690512   0.712797  0.000000   2.205579   2.648653   3.080767    7.517310  0.742834      6297
rdkit_bertz_ct         8643.000000 423.652293 336.992946  0.000000 176.264053 357.068148 596.890715 3655.220196  1.904992      6637

DESCRIPTOR-TARGET SPEARMAN CORRELATIONS
----------------------------------------------------------------------
               feature  spearman_rho  absolute_rho
         rdkit_mollogp     -0.792363      0.792363
           rdkit_molmr     -0.690405      0.690405
      rdkit_labute_asa     -0.666537      0.666537
           rdkit_molwt     -0.641197      0.641197
rdkit_heavy_atom_count     -0.615391      0.615391
        rdkit_bertz_ct     -0.574056      0.574056
      rdkit_ring_count     -0.481767      0.481767
  rdkit_aromatic_rings     -0.451078      0.451078
       rdkit_balaban_j      0.345264      0.345264
             rdkit_hbd      0.249036      0.249036
   rdkit_fraction_csp3      0.242746      0.242746
 rdkit_rotatable_bonds     -0.195672      0.195672
rdkit_heteroatom_count     -0.156308      0.156308
            rdkit_tpsa      0.111647      0.111647
 rdkit_aliphatic_rings     -0.107916      0.107916
 rdkit_saturated_rings     -0.021765      0.021765
             rdkit_hba     -0.017962      0.017962

SOLUBILITY ACROSS MOLECULAR WEIGHT QUINTILES
----------------------------------------------------------------------
               bin    n  mean_property  median_solubility  mean_solubility  std_solubility
 (10.811, 148.205] 1731     112.336905          -0.849300        -0.964265        1.490947
(148.205, 198.138] 1727     172.845937          -2.079800        -2.114475        1.432869
(198.138, 252.371] 1728     224.135737          -2.710000        -2.850372        1.653800
(252.371, 326.437] 1747     287.435710          -3.721989        -3.898031        1.917984
(326.437, 943.621] 1710     417.445287          -5.010000        -5.100673        2.319364

SOLUBILITY ACROSS MOLLOGP QUINTILES
----------------------------------------------------------------------
                        bin    n  mean_property  median_solubility  mean_solubility  std_solubility
(-8.424999999999999, 0.716] 1729      -0.366089          -0.860800        -0.936715        1.492101
             (0.716, 1.693] 1728       1.224285          -1.580450        -1.626533        1.249563
              (1.693, 2.61] 1729       2.139442          -2.469378        -2.552659        1.225736
              (2.61, 3.879] 1729       3.189940          -3.762000        -3.766597        1.275182
            (3.879, 12.169] 1728       5.556919          -5.940645        -6.031292        1.774857

SOLUBILITY ACROSS TPSA QUINTILES
----------------------------------------------------------------------
            bin    n  mean_property  median_solubility  mean_solubility  std_solubility
(-0.001, 20.23] 1938       8.794856          -3.336147        -3.811823        2.689075
 (20.23, 38.69] 1544      30.632565          -2.510650        -2.572572        2.158163
(38.69, 56.726] 1704      47.600751          -2.701050        -2.792707        2.146710
(56.726, 81.16] 1732      68.569105          -2.470387        -2.688012        1.976824
(81.16, 400.56] 1725     115.951791          -2.635900        -2.901172        2.103279

HYDROGEN-BOND DONOR ANALYSIS
----------------------------------------------------------------------
 rdkit_hbd    n      mean    median      std
         0 3645 -3.698595 -3.488100 2.464991
         1 2480 -2.516612 -2.420579 1.922533
         2 1699 -2.514906 -2.327100 2.019601
         3  437 -2.230702 -1.976300 2.009264
         4  213 -2.432330 -1.796500 2.358763
         5   68 -1.884969 -1.320250 2.406858
         6   47 -1.740494 -1.768000 1.810029
         7   20 -1.379905 -0.887050 1.364870
         8   18 -1.971108 -1.287630 2.472182
         9    7 -2.209243 -2.578400 1.144266
        10    3 -0.284148 -0.087766 0.697977
        11    2 -0.048100 -0.048100 0.492288
        12    2  0.241800  0.241800 0.086833
        13    2 -0.500200 -0.500200 0.000283

HYDROGEN-BOND ACCEPTOR ANALYSIS
----------------------------------------------------------------------
 rdkit_hba    n      mean    median      std
         0  796 -4.892328 -4.593900 2.440968
         1 1398 -2.554112 -2.178139 2.393444
         2 1884 -2.405713 -2.256222 2.154595
         3 1564 -2.576297 -2.420300 1.938264
         4 1301 -3.105549 -2.857900 2.112718
         5  664 -3.071076 -2.920000 1.897916
         6  512 -3.320472 -3.165000 2.051579
         7  198 -3.418992 -2.905000 2.236276
         8  142 -4.468668 -4.129850 2.462935
         9   62 -3.737496 -3.223650 2.110949
        10   47 -4.253050 -3.920800 2.465859
        11   21 -1.782364 -2.221633 2.334881
        12   18 -4.031700 -3.592550 3.153252
        13   14 -3.720768 -4.210216 2.808471
        14    8 -3.502028 -3.401769 2.590205
        15    4 -5.221745 -5.098167 1.771022
        16    4 -1.779300 -1.919500 2.019879
        17    3 -0.274065 -0.500000 0.391677
        19    2 -4.473067 -4.473067 2.263403
        20    1 -1.059279 -1.059279      NaN

AROMATIC RING ANALYSIS
----------------------------------------------------------------------
 rdkit_aromatic_rings    n      mean    median      std
                    0 3312 -2.050731 -1.732850 2.164861
                    1 2634 -2.548844 -2.416152 1.552425
                    2 2084 -4.271764 -3.953511 2.201805
                    3  425 -4.920045 -4.863800 1.880798
                    4  115 -6.657765 -7.343000 1.964715
                    5   42 -7.409134 -7.669098 1.037608
                    6   13 -6.806241 -7.634486 2.214358
                    7   10 -6.473349 -6.030211 1.614567
                    8    3 -5.947159 -5.633056 1.676006
                    9    3 -6.014965 -5.647162 1.706632
                   11    2 -6.660130 -6.660130 3.041287

RING COUNT ANALYSIS
----------------------------------------------------------------------
 rdkit_ring_count    n      mean    median      std
                0 2198 -1.791414 -1.400550 2.141144
                1 2712 -2.309156 -2.245266 1.662465
                2 2191 -3.860279 -3.410000 2.233216
                3  821 -4.266996 -4.172504 2.048316
                4  475 -4.837883 -4.672732 1.822439
                5  144 -5.107472 -4.855000 2.428302
                6   44 -6.155472 -6.823700 2.218178
                7   29 -4.997053 -3.980000 2.308611
                8   17 -5.588850 -5.290000 1.681837
                9    8 -5.769773 -5.556242 1.479906
               11    3 -7.065256 -7.875509 2.262100
               13    1 -5.669893 -5.669893      NaN

LOWEST-SOLUBILITY OBSERVATIONS
----------------------------------------------------------------------
 Solubility  rdkit_molwt  rdkit_mollogp  rdkit_tpsa  rdkit_hbd  rdkit_hba  rdkit_ring_count  rdkit_fraction_csp3
 -13.171900   653.730000       9.716200    0.000000          0          0                 5             0.777778
 -12.950000   514.661000      10.012900    9.230000          0          1                 2             0.000000
 -12.060500   459.754000       8.811800   18.460000          0          2                 3             0.000000
 -11.600000   498.662000       9.887600    0.000000          0          0                 2             0.000000
 -11.582700   443.755000       8.813200   13.140000          0          1                 3             0.000000
 -11.481700   409.310000       8.159800   13.140000          0          1                 3             0.000000
 -11.479500   425.309000       8.158400   18.460000          0          2                 3             0.000000
 -10.948600   390.864000       7.505000   18.460000          0          2                 3             0.000000
 -10.660000   374.865000       7.506400   13.140000          0          1                 3             0.000000
 -10.600000   445.771000       8.706100    9.230000          0          1                 2             0.000000
 -10.550000   480.216000       9.359500    9.230000          0          1                 2             0.000000
 -10.411500   464.217000       9.234200    0.000000          0          0                 2             0.000000
 -10.300000   374.865000       7.506400   13.140000          0          1                 3             0.000000
 -10.103500   464.217000       9.234200    0.000000          0          0                 2             0.000000
 -10.100000   445.771000       8.706100    9.230000          0          1                 2             0.000000
 -10.100000   445.771000       8.706100    9.230000          0          1                 2             0.000000
 -10.100000   445.771000       8.706100    9.230000          0          1                 2             0.000000
 -10.098914   251.156000       4.831200    0.000000          0          0                 2             0.142857
  -9.979900   477.345000       7.297300   27.690000          0          3                 3             0.250000
  -9.816435   943.621000      10.136900   18.460000          0          2                 2             0.428571

HIGHEST-SOLUBILITY OBSERVATIONS
----------------------------------------------------------------------
 Solubility  rdkit_molwt  rdkit_mollogp  rdkit_tpsa  rdkit_hbd  rdkit_hba  rdkit_ring_count  rdkit_fraction_csp3
   2.137682   172.268000       1.962500   29.460000          1          2                 1             1.000000
   1.630235   117.148000      -0.544600   40.540000          1          2                 0             0.800000
   1.626441   118.176000       0.531400   40.460000          2          2                 0             1.000000
   1.582313   500.658000       0.769600  104.830000          0         11                 1             1.000000
   1.580800    59.068000      -0.508400   43.090000          1          1                 0             0.500000
   1.578491   211.154000      -0.071600   84.860000          2          5                 0             0.833333
   1.568200    27.026000       0.139780   23.790000          0          1                 0             0.000000
   1.558000    45.085000      -0.164400   12.030000          1          1                 0             1.000000
   1.536339    86.090000      -1.025600   40.460000          2          2                 0             0.500000
   1.527701   172.316000       2.024600   52.040000          2          2                 0             1.000000
   1.494280    32.042000      -0.391500   20.230000          1          1                 0             1.000000
   1.494200    32.046000      -1.181200   52.040000          2          2                 0             0.000000
   1.468100   119.120000       0.034000   63.370000          1          3                 0             1.000000
   1.451807    17.031000       0.162000   35.000000          1          1                 0             0.000000
   1.368643    31.058000      -0.425100   26.020000          1          1                 0             1.000000
   1.365835    43.069000      -0.410400   21.940000          1          1                 1             1.000000
   1.364775   110.958000      -0.618400   34.140000          0          2                 0             0.000000
   1.356100    44.053000       0.205200   17.070000          0          1                 0             0.500000
   1.356000    44.053000       0.016600   12.530000          0          1                 1             1.000000
   1.346392    45.041000      -0.898500   43.090000          1          1                 0             0.000000

======================================================================
INTERPRETATION NOTES
======================================================================

The exploratory analysis characterizes the relationship between molecular descriptors and measured aqueous solubility before predictive modelling. Correlations are descriptive rather than causal. Strong descriptor intercorrelations indicate potential redundancy among molecular size and surface-area descriptors. These relationships will be considered during subsequent feature selection and model interpretation.
