======================================================================
MOLECULAR FEATURE ENGINEERING REPORT
======================================================================

Full dataset rows: 9,982
Standard analytical-domain rows: 8,643
MolWt 99th percentile: 955.159070
MolLogP 99th percentile: 11.123436
Valid RDKit structures: 8,643
Invalid RDKit structures: 0

======================================================================
DESCRIPTOR SUMMARY
======================================================================

                             count       mean        std       min        25%        50%        75%         max  missing  missing_pct
rdkit_molwt            8643.000000 242.537116 115.044731 10.812000 160.180000 223.253000 304.380500  943.621000        0     0.000000
rdkit_mollogp          8643.000000   2.348659   2.166018 -8.424200   0.983400   2.139620   3.505800   12.169200        0     0.000000
rdkit_tpsa             8643.000000  53.711827  40.791014  0.000000  26.020000  46.530000  74.600000  400.560000        0     0.000000
rdkit_hbd              8643.000000   1.054264   1.284985  0.000000   0.000000   1.000000   2.000000   13.000000        0     0.000000
rdkit_hba              8643.000000   3.005669   2.211579  0.000000   1.000000   3.000000   4.000000   20.000000        0     0.000000
rdkit_rotatable_bonds  8643.000000   3.569594   3.767958  0.000000   1.000000   3.000000   5.000000   36.000000        0     0.000000
rdkit_heavy_atom_count 8643.000000  16.163716   7.899151  1.000000  11.000000  15.000000  20.000000   66.000000        0     0.000000
rdkit_heteroatom_count 8643.000000   4.540206   2.972348  0.000000   2.000000   4.000000   6.000000   30.000000        0     0.000000
rdkit_aromatic_rings   8643.000000   1.037603   1.076499  0.000000   0.000000   1.000000   2.000000   11.000000        0     0.000000
rdkit_saturated_rings  8643.000000   0.307185   0.783525  0.000000   0.000000   0.000000   0.000000   13.000000        0     0.000000
rdkit_aliphatic_rings  8643.000000   0.454703   0.969747  0.000000   0.000000   0.000000   1.000000   13.000000        0     0.000000
rdkit_ring_count       8643.000000   1.492306   1.364502  0.000000   0.000000   1.000000   2.000000   13.000000        0     0.000000
rdkit_fraction_csp3    8643.000000   0.437840   0.346481  0.000000   0.125000   0.384615   0.750000    1.000000        0     0.000000
rdkit_molmr            8643.000000  63.250639  30.237363  3.450000  41.952250  58.661500  79.419100  256.709800        0     0.000000
rdkit_labute_asa       8643.000000  98.767086  46.308753  7.504228  65.888198  91.261065 123.956767  389.300875        0     0.000000
rdkit_balaban_j        8643.000000   2.690512   0.712797  0.000000   2.205579   2.648653   3.080767    7.517310        0     0.000000
rdkit_bertz_ct         8643.000000 423.652293 336.992946  0.000000 176.264053 357.068148 596.890715 3655.220196        0     0.000000

======================================================================
COMPARISON WITH ORIGINAL DESCRIPTORS
======================================================================

existing_descriptor calculated_descriptor  n_compared  mean_absolute_difference  median_absolute_difference  max_absolute_difference
              MolWt           rdkit_molwt        8643              0.0000000000                0.0000000000             0.0000000000
            MolLogP         rdkit_mollogp        8643              0.0008926877                0.0000000000             1.3970000000